WKE 4457
2024-07-06 12:00
KL
MELAKA
20.0
not done
0 0 0 
0 0 0 
0 0 0 
0 1 0 
0 0 0 
0 0 0 
0 1 0 
0 0 0 
0 1 0 
0 0 1 

JKR 6774
2024-07-05 18:30
JOHOR BAHRU
PENANG
28.0
not done
0 0 0
0 0 0
0 0 0
0 0 0
0 0 0
0 0 0
0 0 0
0 0 0
0 0 0
0 0 0

JKE 6772
2024-07-05 18:30
KL
SEGAMAT
24.0
not done
0 0 0
0 0 0
0 0 0
0 0 0
0 0 0
0 0 0
0 0 0
0 0 0
0 0 0
0 0 0

QRE 771
2024-06-30 20:30
MELAKA
IPOH
25.0
not done
0 0 0
0 0 0
0 0 0
0 0 0
0 0 0
0 0 0
0 0 0
0 0 0
0 0 0
0 0 0

JKE 6154
2024-06-20 12:00
MELAKA
JOHOR BAHRU
25.0
done
0 0 0
0 0 0
0 0 0
0 0 0
0 0 0
0 0 0
0 0 0
0 0 0
0 0 0
0 0 0

JRQ 1541
2024-07-12 21:45
KL
KUANTAN
28.0
not done
0 0 0
0 0 0
0 0 0
0 0 0
0 0 0
0 0 0
0 0 0
0 0 0
0 0 0
0 0 0

JRQ 1541
2024-07-13 00:00
KUANTAN
KOTA TINGGI
20.0
done
0 0 0 0
0 0 0 0
0 0 0 0
0 0 0 0
0 0 0 0
0 0 0 0
0 0 0 0
0 0 0 0
0 0 0 0
0 0 0 0

JJQ 6776
2024-07-12 19:00
KL
PENANG
25.0
not done
0 0 0
0 0 0
0 0 0
0 0 0
0 0 0
0 0 0
0 0 0
0 0 0
0 0 0
0 0 0

